var hq_str_sh601138="工业富联,69.560,69.610,72.850,72.870,69.180,72.840,72.850,109042182,7773636536.000,50700,72.840,38500,72.830,9600,72.820,1700,72.810,36900,72.800,41900,72.850,9900,72.860,15200,72.870,168900,72.880,31200,72.890,2026-06-30,11:30:00,00,";
var hq_str_sz000977="浪潮信息,65.210,65.820,69.230,69.880,64.830,69.230,69.240,69746763,4767558941.660,4500,69.230,1100,69.220,5000,69.210,16400,69.200,12422,69.190,8800,69.240,3000,69.250,300,69.260,900,69.270,2300,69.280,2026-06-30,11:30:00,00";
var hq_str_sh603019="中科曙光,98.010,97.480,105.700,107.230,98.010,105.710,105.740,93526900,9701419818.000,100,105.710,1900,105.700,1300,105.690,1200,105.680,900,105.670,1000,105.740,1900,105.750,100,105.760,2200,105.770,3000,105.780,2026-06-30,11:30:00,00,";
var hq_str_sz000938="紫光股份,26.000,26.240,28.860,28.860,25.830,28.860,0.000,159581970,4459402037.590,28855396,28.860,52200,28.850,8300,28.840,8700,28.830,106000,28.820,0,0.000,0,0.000,0,0.000,0,0.000,0,0.000,2026-06-30,11:30:00,00";
var hq_str_sz300308="中际旭创,1223.010,1220.000,1289.740,1295.600,1218.210,1289.010,1289.740,18322625,23070220514.160,400,1289.010,600,1289.000,1100,1288.830,200,1288.500,6000,1288.200,200,1289.740,2200,1290.000,300,1290.080,300,1290.090,400,1290.100,2026-06-30,11:30:00,00";
var hq_str_sz300502="新易盛,565.430,556.960,608.940,612.860,555.780,608.600,608.940,38332100,22348655575.860,500,608.600,100,608.240,100,608.210,100,608.140,100,608.080,100,608.940,100,608.970,2540,609.000,800,609.070,2580,609.080,2026-06-30,11:30:00,00";
var hq_str_sz300394="天孚通信,295.000,295.150,309.680,309.880,290.020,309.680,309.690,27483166,8294316620.450,980,309.680,400,309.670,100,309.660,5900,309.650,420,309.600,1000,309.690,600,309.700,800,309.800,100,309.810,900,309.850,2026-06-30,11:30:00,00";
var hq_str_sz002463="沪电股份,141.100,141.060,154.740,154.870,141.100,154.730,154.740,61015442,9088891735.830,2200,154.730,1300,154.720,1100,154.710,6000,154.700,6800,154.690,44300,154.740,18700,154.750,400,154.770,6200,154.780,4700,154.790,2026-06-30,11:30:00,00";
var hq_str_sz300476="胜宏科技,321.000,315.370,351.660,353.000,321.000,351.660,351.670,45857214,15617225132.590,3200,351.660,100,351.630,1200,351.500,200,351.320,800,351.300,200,351.670,200,351.690,200,351.790,1548,351.800,900,351.810,2026-06-30,11:30:00,00";
var hq_str_sz002916="深南电路,430.460,434.160,468.090,469.990,425.870,468.030,468.100,10386260,4698377565.700,800,468.030,200,468.000,100,467.950,1000,467.770,100,467.370,100,468.100,1400,468.110,2200,468.120,600,468.160,100,468.300,2026-06-30,11:30:00,00";
var hq_str_sh600183="生益科技,171.000,171.160,177.840,177.880,168.110,177.700,177.840,44040581,7624012659.000,100,177.700,2100,177.690,100,177.670,100,177.620,1300,177.550,1800,177.840,1100,177.850,100,177.860,2800,177.880,2300,177.890,2026-06-30,11:30:00,00,";
var hq_str_sz002837="英维克,75.680,76.700,79.620,79.660,74.490,79.600,79.620,36448674,2828671903.560,2700,79.600,100,79.590,700,79.570,3700,79.530,400,79.500,100,79.620,1160,79.630,1200,79.640,36380,79.650,41850,79.660,2026-06-30,11:30:00,00";
var hq_str_sz002335="科华数据,41.880,42.270,43.200,43.560,41.510,43.200,43.210,28956080,1236322328.370,6735,43.200,2300,43.190,4000,43.180,7000,43.160,8400,43.150,12600,43.210,400,43.220,1500,43.230,700,43.240,2500,43.250,2026-06-30,11:30:00,00";
var hq_str_sz301018="申菱环境,101.000,102.240,114.160,114.250,100.200,114.160,114.170,14050244,1526267577.760,200,114.160,200,114.050,1300,114.020,12140,114.000,460,113.960,1000,114.170,1300,114.180,700,114.190,5100,114.200,200,114.230,2026-06-30,11:30:00,00";
var hq_str_sh688676="金盘科技,81.070,79.970,87.050,87.220,80.500,87.040,87.050,12337075,1048607039.000,600,87.040,514,87.030,1771,87.010,1400,87.000,474,86.860,191,87.050,1695,87.100,800,87.120,1700,87.130,1616,87.140,2026-06-30,11:30:00,00,";
var hq_str_sz300442="润泽科技,76.160,76.200,78.670,79.300,75.200,78.600,78.670,17856296,1388424192.960,19500,78.600,500,78.590,6600,78.580,500,78.570,5500,78.550,500,78.670,700,78.680,100,78.690,100,78.700,2200,78.720,2026-06-30,11:30:00,00";
var hq_str_sz300738="奥飞数据,18.930,18.880,19.900,19.940,18.620,19.900,19.910,29174316,569488768.500,3300,19.900,5300,19.890,3500,19.880,6500,19.870,1900,19.860,2800,19.910,299800,19.920,17600,19.930,23260,19.940,44900,19.950,2026-06-30,11:30:00,00";
var hq_str_sz300383="光环新网,11.950,11.900,12.230,12.330,11.690,12.230,12.250,32179084,389339622.610,14900,12.230,9900,12.220,20300,12.210,55100,12.200,6500,12.190,76570,12.250,38800,12.260,47300,12.270,46200,12.280,52500,12.290,2026-06-30,11:30:00,00";
